0.000000000000000000e+00 0.000000000000000000e+00 1.199999999999999956e+00
0.000000000000000000e+00 5.775255256073800192e-01 1.051886052418188333e+00
4.083722154653032788e-01 4.083722154653036118e-01 1.051886052418188333e+00
5.775255256073800192e-01 0.000000000000000000e+00 1.051886052418188333e+00
4.083722154653036118e-01 -4.083722154653033898e-01 1.051886052418188333e+00
0.000000000000000000e+00 -5.775255256073800192e-01 1.051886052418188333e+00
-4.083722154653033898e-01 -4.083722154653036673e-01 1.051886052418188333e+00
-5.775255256073800192e-01 -1.602955339595146052e-16 1.051886052418188333e+00
-4.083722154653037228e-01 4.083722154653032788e-01 1.051886052418188333e+00
0.000000000000000000e+00 9.508869788316738347e-01 7.319931375965021969e-01
6.723786308738655126e-01 6.723786308738655126e-01 7.319931375965021969e-01
9.508869788316738347e-01 0.000000000000000000e+00 7.319931375965021969e-01
6.723786308738656237e-01 -6.723786308738655126e-01 7.319931375965024190e-01
0.000000000000000000e+00 -9.508869788316737237e-01 7.319931375965021969e-01
-6.723786308738655126e-01 -6.723786308738656237e-01 7.319931375965024190e-01
-9.508869788316737237e-01 -1.523766816051088219e-16 7.319931375965021969e-01
-6.723786308738656237e-01 6.723786308738655126e-01 7.319931375965021969e-01
0.000000000000000000e+00 1.138419957660616433e+00 3.794733192202054406e-01
8.049844718999242810e-01 8.049844718999242810e-01 3.794733192202054961e-01
1.138419957660616433e+00 0.000000000000000000e+00 3.794733192202054406e-01
8.049844718999242810e-01 -8.049844718999242810e-01 3.794733192202054961e-01
3.159750121719030067e-16 -1.138419957660616433e+00 3.794733192202054406e-01
-8.049844718999241699e-01 -8.049844718999245030e-01 3.794733192202054406e-01
-1.138419957660616433e+00 -3.159750121719030067e-16 3.794733192202054406e-01
-8.049844718999245030e-01 8.049844718999241699e-01 3.794733192202054406e-01
0.000000000000000000e+00 1.199999999999999956e+00 0.000000000000000000e+00
8.485281374238570207e-01 8.485281374238570207e-01 0.000000000000000000e+00
1.199999999999999956e+00 0.000000000000000000e+00 0.000000000000000000e+00
8.485281374238570207e-01 -8.485281374238567986e-01 0.000000000000000000e+00
0.000000000000000000e+00 -1.199999999999999956e+00 0.000000000000000000e+00
-8.485281374238567986e-01 -8.485281374238570207e-01 0.000000000000000000e+00
-1.199999999999999956e+00 -1.922962686383563570e-16 0.000000000000000000e+00
-8.485281374238570207e-01 8.485281374238570207e-01 0.000000000000000000e+00
